100 6 3
0 0 1 1 0.707107 0.392699 
0.979757 0.809717 0.121457 
0.100000 0 0.900000 1 0.640312 0.403765 
0.979757 0.809717 0.121457 
0.200000 0 0.800000 1 0.583095 0.417197 
0.979757 0.809717 0.121457 
0.300000 0 0.700000 1 0.538516 0.433188 
0.979757 0.809717 0.121457 
0.400000 0 0.600000 1 0.509902 0.451499 
0.979757 0.809717 0.121457 
0.500000 0 0.500000 1 0.500000 0 
0.979757 0.809717 0.121457 
0.600000 0 0.400000 1 0.509902 0.137340 
0.979757 0.809717 0.121457 
0.700000 0 0.300000 1 0.538516 0.119029 
0.979757 0.809717 0.121457 
0.800000 0 0.200000 1 0.583095 0.103038 
0.975709 0.801619 0.125506 
0.900000 0 0.100000 1 0.640312 0.089606 
0.975709 0.801619 0.125506 
0 0.100000 1 0.900000 0.640312 0.381633 
0.995951 0.364372 0.028340 
0.100000 0.100000 0.900000 0.900000 0.565685 0.392699 
0.995951 0.364372 0.028340 
0.200000 0.100000 0.800000 0.900000 0.500000 0.406889 
0.995951 0.364372 0.028340 
0.300000 0.100000 0.700000 0.900000 0.447214 0.424874 
0.995951 0.364372 0.028340 
0.400000 0.100000 0.600000 0.900000 0.412311 0.446741 
0.995951 0.364372 0.028340 
0.500000 0.100000 0.500000 0.900000 0.400000 0 
0.995951 0.364372 0.028340 
0.600000 0.100000 0.400000 0.900000 0.412311 0.132582 
0.995951 0.364372 0.028340 
0.700000 0.100000 0.300000 0.900000 0.447214 0.110715 
0.995951 0.364372 0.028340 
0.800000 0.100000 0.200000 0.900000 0.500000 0.092730 
1 0.372470 0 
0.900000 0.100000 0.100000 0.900000 0.565685 0.078540 
1 0.372470 0 
0 0.200000 1 0.800000 0.583095 0.368201 
0.870445 0.044534 0.093117 
0.100000 0.200000 0.900000 0.800000 0.500000 0.378509 
0.870445 0.044534 0.093117 
0.200000 0.200000 0.800000 0.800000 0.424264 0.392699 
0.870445 0.044534 0.093117 
0.300000 0.200000 0.700000 0.800000 0.360555 0.412439 
0.870445 0.044534 0.093117 
0.400000 0.200000 0.600000 0.800000 0.316228 0.439064 
0.870445 0.044534 0.093117 
0.500000 0.200000 0.500000 0.800000 0.300000 0 
0.870445 0.044534 0.093117 
0.600000 0.200000 0.400000 0.800000 0.316228 0.124905 
0.870445 0.044534 0.093117 
0.700000 0.200000 0.300000 0.800000 0.360555 0.098279 
0.870445 0.044534 0.093117 
0.800000 0.200000 0.200000 0.800000 0.424264 0.078540 
0.862348 0.028340 0.109312 
0.900000 0.200000 0.100000 0.800000 0.500000 0.064350 
0.862348 0.028340 0.109312 
0 0.300000 1 0.700000 0.538516 0.352210 
0.578947 0.048583 0.267206 
0.100000 0.300000 0.900000 0.700000 0.447214 0.360524 
0.578947 0.048583 0.267206 
0.200000 0.300000 0.800000 0.700000 0.360555 0.372960 
0.578947 0.048583 0.267206 
0.300000 0.300000 0.700000 0.700000 0.282843 0.392699 
0.578947 0.048583 0.267206 
0.400000 0.300000 0.600000 0.700000 0.223607 0.424874 
0.578947 0.048583 0.267206 
0.500000 0.300000 0.500000 0.700000 0.200000 0 
0.578947 0.048583 0.267206 
0.600000 0.300000 0.400000 0.700000 0.223607 0.110715 
0.578947 0.048583 0.267206 
0.700000 0.300000 0.300000 0.700000 0.282843 0.078540 
0.578947 0.048583 0.267206 
0.800000 0.300000 0.200000 0.700000 0.360555 0.058800 
0.578947 0.048583 0.251012 
0.900000 0.300000 0.100000 0.700000 0.447214 0.046365 
0.578947 0.048583 0.251012 
0 0.400000 1 0.600000 0.509902 0.333899 
0.408907 0.048583 0.372470 
0.100000 0.400000 0.900000 0.600000 0.412311 0.338657 
0.408907 0.048583 0.372470 
0.200000 0.400000 0.800000 0.600000 0.316228 0.346334 
0.408907 0.048583 0.372470 
0.300000 0.400000 0.700000 0.600000 0.223607 0.360524 
0.408907 0.048583 0.372470 
0.400000 0.400000 0.600000 0.600000 0.141421 0.392699 
0.408907 0.048583 0.372470 
0.500000 0.400000 0.500000 0.600000 0.100000 0 
0.408907 0.048583 0.372470 
0.600000 0.400000 0.400000 0.600000 0.141421 0.078540 
0.408907 0.048583 0.372470 
0.700000 0.400000 0.300000 0.600000 0.223607 0.046365 
0.408907 0.048583 0.372470 
0.800000 0.400000 0.200000 0.600000 0.316228 0.032175 
0.412955 0.056680 0.372470 
0.900000 0.400000 0.100000 0.600000 0.412311 0.024498 
0.412955 0.056680 0.372470 
0 0.500000 1 0.500000 0.500000 0 
0.194332 0.064777 0.506073 
0.100000 0.500000 0.900000 0.500000 0.400000 0 
0.194332 0.064777 0.506073 
0.200000 0.500000 0.800000 0.500000 0.300000 0 
0.194332 0.064777 0.506073 
0.300000 0.500000 0.700000 0.500000 0.200000 0 
0.194332 0.064777 0.506073 
0.400000 0.500000 0.600000 0.500000 0.100000 0 
0.194332 0.064777 0.506073 
0.500000 0.500000 0.500000 0.500000 0 0 
0.194332 0.064777 0.506073 
0.600000 0.500000 0.400000 0.500000 0.100000 0 
0.194332 0.064777 0.506073 
0.700000 0.500000 0.300000 0.500000 0.200000 0 
0.194332 0.064777 0.506073 
0.800000 0.500000 0.200000 0.500000 0.300000 0 
0.186235 0.052632 0.526316 
0.900000 0.500000 0.100000 0.500000 0.400000 0 
0.186235 0.052632 0.526316 
0 0.600000 1 0.400000 0.509902 0.333899 
0.109312 0.056680 0.591093 
0.100000 0.600000 0.900000 0.400000 0.412311 0.338657 
0.109312 0.056680 0.591093 
0.200000 0.600000 0.800000 0.400000 0.316228 0.346334 
0.109312 0.056680 0.591093 
0.300000 0.600000 0.700000 0.400000 0.223607 0.360524 
0.109312 0.056680 0.591093 
0.400000 0.600000 0.600000 0.400000 0.141421 0.392699 
0.109312 0.056680 0.591093 
0.500000 0.600000 0.500000 0.400000 0.100000 0 
0.109312 0.056680 0.591093 
0.600000 0.600000 0.400000 0.400000 0.141421 0.706858 
0.109312 0.056680 0.591093 
0.700000 0.600000 0.300000 0.400000 0.223607 0.674683 
0.109312 0.056680 0.591093 
0.800000 0.600000 0.200000 0.400000 0.316228 0.660494 
0.117409 0.068826 0.587045 
0.900000 0.600000 0.100000 0.400000 0.412311 0.652816 
0.117409 0.068826 0.587045 
0 0.700000 1 0.300000 0.538516 0.352210 
0.101215 0.060729 0.554656 
0.100000 0.700000 0.900000 0.300000 0.447214 0.360524 
0.101215 0.060729 0.554656 
0.200000 0.700000 0.800000 0.300000 0.360555 0.372960 
0.101215 0.060729 0.554656 
0.300000 0.700000 0.700000 0.300000 0.282843 0.392699 
0.101215 0.060729 0.554656 
0.400000 0.700000 0.600000 0.300000 0.223607 0.424874 
0.101215 0.060729 0.554656 
0.500000 0.700000 0.500000 0.300000 0.200000 0 
0.101215 0.060729 0.554656 
0.600000 0.700000 0.400000 0.300000 0.223607 0.739033 
0.101215 0.060729 0.554656 
0.700000 0.700000 0.300000 0.300000 0.282843 0.706858 
0.101215 0.060729 0.554656 
0.800000 0.700000 0.200000 0.300000 0.360555 0.687119 
0.101215 0.056680 0.574899 
0.900000 0.700000 0.100000 0.300000 0.447214 0.674683 
0.101215 0.056680 0.574899 
0 0.800000 1 0.200000 0.583095 0.368201 
0.101215 0.056680 0.534413 
0.100000 0.800000 0.900000 0.200000 0.500000 0.378509 
0.101215 0.056680 0.534413 
0.200000 0.800000 0.800000 0.200000 0.424264 0.392699 
0.101215 0.056680 0.534413 
0.300000 0.800000 0.700000 0.200000 0.360555 0.412439 
0.101215 0.056680 0.534413 
0.400000 0.800000 0.600000 0.200000 0.316228 0.439064 
0.101215 0.056680 0.534413 
0.500000 0.800000 0.500000 0.200000 0.300000 0 
0.101215 0.056680 0.534413 
0.600000 0.800000 0.400000 0.200000 0.316228 0.753223 
0.101215 0.056680 0.534413 
0.700000 0.800000 0.300000 0.200000 0.360555 0.726598 
0.101215 0.056680 0.534413 
0.800000 0.800000 0.200000 0.200000 0.424264 0.706858 
0.101215 0.056680 0.534413 
0.900000 0.800000 0.100000 0.200000 0.500000 0.692669 
0.101215 0.056680 0.534413 
0 0.900000 1 0.100000 0.640312 0.381633 
0.085020 0.044534 0.497976 
0.100000 0.900000 0.900000 0.100000 0.565685 0.392699 
0.085020 0.044534 0.497976 
0.200000 0.900000 0.800000 0.100000 0.500000 0.406889 
0.085020 0.044534 0.497976 
0.300000 0.900000 0.700000 0.100000 0.447214 0.424874 
0.085020 0.044534 0.497976 
0.400000 0.900000 0.600000 0.100000 0.412311 0.446741 
0.085020 0.044534 0.497976 
0.500000 0.900000 0.500000 0.100000 0.400000 0 
0.085020 0.044534 0.497976 
0.600000 0.900000 0.400000 0.100000 0.412311 0.760900 
0.085020 0.044534 0.497976 
0.700000 0.900000 0.300000 0.100000 0.447214 0.739033 
0.085020 0.044534 0.497976 
0.800000 0.900000 0.200000 0.100000 0.500000 0.721048 
0.085020 0.044534 0.497976 
0.900000 0.900000 0.100000 0.100000 0.565685 0.706858 
0.085020 0.044534 0.497976 
