100 6 3
0 0 10 10 7.0710678118655 3.9269908169872
244 202 32
1 0 9 10 6.4031242374328 4.0376480381611
244 202 32
2 0 8 10 5.8309518948453 4.1719694801141
244 202 32
3 0 7 10 5.3851648071345 4.3318826032723
244 202 32
4 0 6 10 5.0990195135928 4.5149934205348
244 202 32
5 0 5 10 5 0
244 202 32
6 0 4 10 5.0990195135928 1.373400766945
244 202 32
7 0 3 10 5.3851648071345 1.1902899496825
244 202 32
8 0 2 10 5.8309518948453 1.0303768265243
243 200 33
9 0 1 10 6.4031242374328 0.89605538457134
243 200 33
0 1 10 9 6.4031242374328 3.8163335958133
248 92 9
1 1 9 9 5.6568542494924 3.9269908169872
248 92 9
2 1 8 9 5 4.0688878715914
248 92 9
3 1 7 9 4.4721359549996 4.2487413713839
248 92 9
4 1 6 9 4.1231056256177 4.4674103172578
248 92 9
5 1 5 9 4 0
248 92 9
6 1 4 9 4.1231056256177 1.325817663668
248 92 9
7 1 3 9 4.4721359549996 1.1071487177941
248 92 9
8 1 2 9 5 0.92729521800161
249 94 2
9 1 1 9 5.6568542494924 0.78539816339745
249 94 2
0 2 10 8 5.8309518948453 3.6820121538604
217 13 25
1 2 9 8 5 3.7850937623831
217 13 25
2 2 8 8 4.2426406871193 3.9269908169872
217 13 25
3 2 7 8 3.605551275464 4.1243863768371
217 13 25
4 2 6 8 3.1622776601684 4.390638425988
217 13 25
5 2 5 8 3 0
217 13 25
6 2 4 8 3.1622776601684 1.2490457723983
217 13 25
7 2 3 8 3.605551275464 0.98279372324733
217 13 25
8 2 2 8 4.2426406871193 0.78539816339745
215 9 29
9 2 1 8 5 0.64350110879328
215 9 29
0 3 10 7 5.3851648071345 3.5220990307022
145 14 68
1 3 9 7 4.4721359549996 3.6052402625906
145 14 68
2 3 8 7 3.605551275464 3.7295952571374
145 14 68
3 3 7 7 2.8284271247462 3.9269908169872
145 14 68
4 3 6 7 2.2360679774998 4.2487413713839
145 14 68
5 3 5 7 2 0
145 14 68
6 3 4 7 2.2360679774998 1.1071487177941
145 14 68
7 3 3 7 2.8284271247462 0.78539816339745
145 14 68
8 3 2 7 3.605551275464 0.58800260354757
145 14 64
9 3 1 7 4.4721359549996 0.46364760900081
145 14 64
0 4 10 6 5.0990195135928 3.3389882134397
103 14 94
1 4 9 6 4.1231056256177 3.3865713167167
103 14 94
2 4 8 6 3.1622776601684 3.4633432079864
103 14 94
3 4 7 6 2.2360679774998 3.6052402625906
103 14 94
4 4 6 6 1.4142135623731 3.9269908169872
103 14 94
5 4 5 6 1 0
103 14 94
6 4 4 6 1.4142135623731 0.78539816339745
103 14 94
7 4 3 6 2.2360679774998 0.46364760900081
103 14 94
8 4 2 6 3.1622776601684 0.32175055439664
104 16 94
9 4 1 6 4.1231056256177 0.24497866312686
104 16 94
0 5 10 5 5 0
50 18 127
1 5 9 5 4 0
50 18 127
2 5 8 5 3 0
50 18 127
3 5 7 5 2 0
50 18 127
4 5 6 5 1 0
50 18 127
5 5 5 5 0 0
50 18 127
6 5 4 5 1 0
50 18 127
7 5 3 5 2 0
50 18 127
8 5 2 5 3 0
48 15 132
9 5 1 5 4 0
48 15 132
0 6 10 4 5.0990195135928 3.3389882134397
29 16 148
1 6 9 4 4.1231056256177 3.3865713167167
29 16 148
2 6 8 4 3.1622776601684 3.4633432079864
29 16 148
3 6 7 4 2.2360679774998 3.6052402625906
29 16 148
4 6 6 4 1.4142135623731 3.9269908169872
29 16 148
5 6 5 4 1 0
29 16 148
6 6 4 4 1.4142135623731 7.068583470577
29 16 148
7 6 3 4 2.2360679774998 6.7468329161804
29 16 148
8 6 2 4 3.1622776601684 6.6049358615762
31 19 147
9 6 1 4 4.1231056256177 6.5281639703065
31 19 147
0 7 10 3 5.3851648071345 3.5220990307022
27 17 139
1 7 9 3 4.4721359549996 3.6052402625906
27 17 139
2 7 8 3 3.605551275464 3.7295952571374
27 17 139
3 7 7 3 2.8284271247462 3.9269908169872
27 17 139
4 7 6 3 2.2360679774998 4.2487413713839
27 17 139
5 7 5 3 2 0
27 17 139
6 7 4 3 2.2360679774998 7.3903340249737
27 17 139
7 7 3 3 2.8284271247462 7.068583470577
27 17 139
8 7 2 3 3.605551275464 6.8711879107272
27 16 144
9 7 1 3 4.4721359549996 6.7468329161804
27 16 144
0 8 10 2 5.8309518948453 3.6820121538604
27 16 134
1 8 9 2 5 3.7850937623831
27 16 134
2 8 8 2 4.2426406871193 3.9269908169872
27 16 134
3 8 7 2 3.605551275464 4.1243863768371
27 16 134
4 8 6 2 3.1622776601684 4.390638425988
27 16 134
5 8 5 2 3 0
27 16 134
6 8 4 2 3.1622776601684 7.5322310795778
27 16 134
7 8 3 2 3.605551275464 7.2659790304269
27 16 134
8 8 2 2 4.2426406871193 7.068583470577
27 16 134
9 8 1 2 5 6.9266864159729
27 16 134
0 9 10 1 6.4031242374328 3.8163335958133
23 13 125
1 9 9 1 5.6568542494924 3.9269908169872
23 13 125
2 9 8 1 5 4.0688878715914
23 13 125
3 9 7 1 4.4721359549996 4.2487413713839
23 13 125
4 9 6 1 4.1231056256177 4.4674103172578
23 13 125
5 9 5 1 4 0
23 13 125
6 9 4 1 4.1231056256177 7.6090029708476
23 13 125
7 9 3 1 4.4721359549996 7.3903340249737
23 13 125
8 9 2 1 5 7.2104805251812
23 13 125
9 9 1 1 5.6568542494924 7.068583470577
23 13 125
