100 2 3
0 0 
0.979757 0.809717 0.121457 
0.111111 0 
0.979757 0.809717 0.121457 
0.222222 0 
0.979757 0.809717 0.121457 
0.333333 0 
0.979757 0.809717 0.121457 
0.444444 0 
0.979757 0.809717 0.121457 
0.555556 0 
0.979757 0.809717 0.121457 
0.666667 0 
0.979757 0.809717 0.121457 
0.777778 0 
0.979757 0.809717 0.121457 
0.888889 0 
0.975709 0.801619 0.125506 
1 0 
0.975709 0.801619 0.125506 
0 0.111111 
0.995951 0.364372 0.028340 
0.111111 0.111111 
0.995951 0.364372 0.028340 
0.222222 0.111111 
0.995951 0.364372 0.028340 
0.333333 0.111111 
0.995951 0.364372 0.028340 
0.444444 0.111111 
0.995951 0.364372 0.028340 
0.555556 0.111111 
0.995951 0.364372 0.028340 
0.666667 0.111111 
0.995951 0.364372 0.028340 
0.777778 0.111111 
0.995951 0.364372 0.028340 
0.888889 0.111111 
1 0.372470 0 
1 0.111111 
1 0.372470 0 
0 0.222222 
0.870445 0.044534 0.093117 
0.111111 0.222222 
0.870445 0.044534 0.093117 
0.222222 0.222222 
0.870445 0.044534 0.093117 
0.333333 0.222222 
0.870445 0.044534 0.093117 
0.444444 0.222222 
0.870445 0.044534 0.093117 
0.555556 0.222222 
0.870445 0.044534 0.093117 
0.666667 0.222222 
0.870445 0.044534 0.093117 
0.777778 0.222222 
0.870445 0.044534 0.093117 
0.888889 0.222222 
0.862348 0.028340 0.109312 
1 0.222222 
0.862348 0.028340 0.109312 
0 0.333333 
0.578947 0.048583 0.267206 
0.111111 0.333333 
0.578947 0.048583 0.267206 
0.222222 0.333333 
0.578947 0.048583 0.267206 
0.333333 0.333333 
0.578947 0.048583 0.267206 
0.444444 0.333333 
0.578947 0.048583 0.267206 
0.555556 0.333333 
0.578947 0.048583 0.267206 
0.666667 0.333333 
0.578947 0.048583 0.267206 
0.777778 0.333333 
0.578947 0.048583 0.267206 
0.888889 0.333333 
0.578947 0.048583 0.251012 
1 0.333333 
0.578947 0.048583 0.251012 
0 0.444444 
0.408907 0.048583 0.372470 
0.111111 0.444444 
0.408907 0.048583 0.372470 
0.222222 0.444444 
0.408907 0.048583 0.372470 
0.333333 0.444444 
0.408907 0.048583 0.372470 
0.444444 0.444444 
0.408907 0.048583 0.372470 
0.555556 0.444444 
0.408907 0.048583 0.372470 
0.666667 0.444444 
0.408907 0.048583 0.372470 
0.777778 0.444444 
0.408907 0.048583 0.372470 
0.888889 0.444444 
0.412955 0.056680 0.372470 
1 0.444444 
0.412955 0.056680 0.372470 
0 0.555556 
0.194332 0.064777 0.506073 
0.111111 0.555556 
0.194332 0.064777 0.506073 
0.222222 0.555556 
0.194332 0.064777 0.506073 
0.333333 0.555556 
0.194332 0.064777 0.506073 
0.444444 0.555556 
0.194332 0.064777 0.506073 
0.555556 0.555556 
0.194332 0.064777 0.506073 
0.666667 0.555556 
0.194332 0.064777 0.506073 
0.777778 0.555556 
0.194332 0.064777 0.506073 
0.888889 0.555556 
0.186235 0.052632 0.526316 
1 0.555556 
0.186235 0.052632 0.526316 
0 0.666667 
0.109312 0.056680 0.591093 
0.111111 0.666667 
0.109312 0.056680 0.591093 
0.222222 0.666667 
0.109312 0.056680 0.591093 
0.333333 0.666667 
0.109312 0.056680 0.591093 
0.444444 0.666667 
0.109312 0.056680 0.591093 
0.555556 0.666667 
0.109312 0.056680 0.591093 
0.666667 0.666667 
0.109312 0.056680 0.591093 
0.777778 0.666667 
0.109312 0.056680 0.591093 
0.888889 0.666667 
0.117409 0.068826 0.587045 
1 0.666667 
0.117409 0.068826 0.587045 
0 0.777778 
0.101215 0.060729 0.554656 
0.111111 0.777778 
0.101215 0.060729 0.554656 
0.222222 0.777778 
0.101215 0.060729 0.554656 
0.333333 0.777778 
0.101215 0.060729 0.554656 
0.444444 0.777778 
0.101215 0.060729 0.554656 
0.555556 0.777778 
0.101215 0.060729 0.554656 
0.666667 0.777778 
0.101215 0.060729 0.554656 
0.777778 0.777778 
0.101215 0.060729 0.554656 
0.888889 0.777778 
0.101215 0.056680 0.574899 
1 0.777778 
0.101215 0.056680 0.574899 
0 0.888889 
0.101215 0.056680 0.534413 
0.111111 0.888889 
0.101215 0.056680 0.534413 
0.222222 0.888889 
0.101215 0.056680 0.534413 
0.333333 0.888889 
0.101215 0.056680 0.534413 
0.444444 0.888889 
0.101215 0.056680 0.534413 
0.555556 0.888889 
0.101215 0.056680 0.534413 
0.666667 0.888889 
0.101215 0.056680 0.534413 
0.777778 0.888889 
0.101215 0.056680 0.534413 
0.888889 0.888889 
0.101215 0.056680 0.534413 
1 0.888889 
0.101215 0.056680 0.534413 
0 1 
0.085020 0.044534 0.497976 
0.111111 1 
0.085020 0.044534 0.497976 
0.222222 1 
0.085020 0.044534 0.497976 
0.333333 1 
0.085020 0.044534 0.497976 
0.444444 1 
0.085020 0.044534 0.497976 
0.555556 1 
0.085020 0.044534 0.497976 
0.666667 1 
0.085020 0.044534 0.497976 
0.777778 1 
0.085020 0.044534 0.497976 
0.888889 1 
0.085020 0.044534 0.497976 
1 1 
0.085020 0.044534 0.497976 
