100 2 3
0 0
244 202 32
1 0
244 202 32
2 0
244 202 32
3 0
244 202 32
4 0
244 202 32
5 0
244 202 32
6 0
244 202 32
7 0
244 202 32
8 0
243 200 33
9 0
243 200 33
0 1
248 92 9
1 1
248 92 9
2 1
248 92 9
3 1
248 92 9
4 1
248 92 9
5 1
248 92 9
6 1
248 92 9
7 1
248 92 9
8 1
249 94 2
9 1
249 94 2
0 2
217 13 25
1 2
217 13 25
2 2
217 13 25
3 2
217 13 25
4 2
217 13 25
5 2
217 13 25
6 2
217 13 25
7 2
217 13 25
8 2
215 9 29
9 2
215 9 29
0 3
145 14 68
1 3
145 14 68
2 3
145 14 68
3 3
145 14 68
4 3
145 14 68
5 3
145 14 68
6 3
145 14 68
7 3
145 14 68
8 3
145 14 64
9 3
145 14 64
0 4
103 14 94
1 4
103 14 94
2 4
103 14 94
3 4
103 14 94
4 4
103 14 94
5 4
103 14 94
6 4
103 14 94
7 4
103 14 94
8 4
104 16 94
9 4
104 16 94
0 5
50 18 127
1 5
50 18 127
2 5
50 18 127
3 5
50 18 127
4 5
50 18 127
5 5
50 18 127
6 5
50 18 127
7 5
50 18 127
8 5
48 15 132
9 5
48 15 132
0 6
29 16 148
1 6
29 16 148
2 6
29 16 148
3 6
29 16 148
4 6
29 16 148
5 6
29 16 148
6 6
29 16 148
7 6
29 16 148
8 6
31 19 147
9 6
31 19 147
0 7
27 17 139
1 7
27 17 139
2 7
27 17 139
3 7
27 17 139
4 7
27 17 139
5 7
27 17 139
6 7
27 17 139
7 7
27 17 139
8 7
27 16 144
9 7
27 16 144
0 8
27 16 134
1 8
27 16 134
2 8
27 16 134
3 8
27 16 134
4 8
27 16 134
5 8
27 16 134
6 8
27 16 134
7 8
27 16 134
8 8
27 16 134
9 8
27 16 134
0 9
23 13 125
1 9
23 13 125
2 9
23 13 125
3 9
23 13 125
4 9
23 13 125
5 9
23 13 125
6 9
23 13 125
7 9
23 13 125
8 9
23 13 125
9 9
23 13 125
